194730
152728
310921
96023
175770
139592
194477
187243
152781
254369
145326
107051
189937
126850
246338
140107
146850
132875
132454
98117
74439
84819
184291
75045
90146
66781
63979
55665
56747
68266
47286
71483
59608
55014
88353
192070
60339
55320
62993
159818
48339
59687
49210
48630
46080
43732
56866
59126
69642
52434
57667
43485
47641
62978
107193
54992
90864
60142
51863
44672
71831
50182
38712
43557
44209
41249
36407
42378
42361
55111
80158
50677
58169
58458
44133
47975
48254
55324
51873
66883
88512
40494
56028
93142
49777
92966
185971
77090
206762
101126
86151
84801
69020
80640
77180
53576
86026
163660
297844
84972
