36.06111111111111
28.282962962962962
57.577962962962964
17.782037037037036
32.55
25.85037037037037
36.01425925925926
34.67462962962963
28.29277777777778
47.10537037037037
26.912222222222223
19.82425925925926
35.17351851851852
23.49074074074074
45.61814814814815
25.945740740740742
27.194444444444443
24.60648148148148
24.528518518518517
18.169814814814814
13.785
15.707222222222223
34.12796296296296
13.897222222222222
16.693703703703704
12.366851851851852
11.847962962962963
10.308333333333334
10.508703703703704
12.641851851851852
8.756666666666666
13.237592592592593
11.038518518518519
10.187777777777777
16.361666666666668
35.568518518518516
11.17388888888889
10.244444444444444
11.66537037037037
29.595925925925926
8.951666666666666
11.053148148148148
9.112962962962962
9.005555555555556
8.533333333333333
8.09851851851852
10.530740740740741
10.949259259259259
12.896666666666667
9.71
10.679074074074075
8.052777777777777
8.822407407407407
11.662592592592592
19.850555555555555
10.183703703703705
16.826666666666668
11.137407407407407
9.604259259259258
8.272592592592593
13.302037037037037
9.292962962962964
7.168888888888889
8.06611111111111
8.186851851851852
7.638703703703704
6.742037037037037
7.847777777777778
7.84462962962963
10.20574074074074
14.844074074074074
9.384629629629629
10.772037037037038
10.825555555555555
8.172777777777778
8.88425925925926
8.935925925925925
10.245185185185186
9.606111111111112
12.38574074074074
16.391111111111112
7.498888888888889
10.375555555555556
17.24851851851852
9.217962962962963
17.215925925925927
34.43907407407407
14.275925925925925
38.28925925925926
18.727037037037036
15.953888888888889
15.703888888888889
12.781481481481482
14.933333333333334
14.292592592592593
9.921481481481482
15.93074074074074
30.307407407407407
55.1562962962963
15.735555555555555
