-103987.0
-84159.0
-194302.0
-48291.0
-89492.0
-83999.0
-113431.0
-125705.0
-79418.0
-174161.0
-91328.0
-48518.0
-132473.0
-72205.0
-191717.0
-80372.0
-99007.0
-67735.0
-63885.0
-48788.0
-29960.0
-35778.0
-87827.0
-31599.0
-40424.0
-28732.0
-26609.0
-20857.0
-25018.0
-29230.0
-21254.0
-29063.0
-23647.0
-28553.0
-36266.0
-90657.0
-23240.0
-26939.0
-25766.0
-75373.0
-20938.0
-25258.0
-21890.0
-20559.0
-23928.0
-18738.0
-27509.0
-29058.0
-34388.0
-27257.0
-27513.0
-21160.0
-25609.0
-23323.0
-43593.0
-25776.0
-33374.0
-28173.0
-25374.0
-20828.0
-24467.0
-21713.0
-16289.0
-23092.0
-19503.0
-17739.0
-17346.0
-23586.0
-23751.0
-30585.0
-48168.0
-27357.0
-34798.0
-34795.0
-23720.0
-25778.0
-25695.0
-27560.0
-29007.0
-42375.0
-52563.0
-21871.0
-35497.0
-67079.0
-28142.0
-56291.0
-158392.0
-45796.0
-179323.0
-80355.0
-60943.0
-58024.0
-52999.0
-52124.0
-58908.0
-35118.0
-61130.0
-139457.0
-267548.0
-65778.0
