19.16111111111111
15.613703703703704
28.358888888888888
35.98462962962963
21.247592592592593
33.47259259259259
19.573888888888888
16.460185185185185
30.17888888888889
16.412407407407407
21.64148148148148
60.90925925925926
19.86888888888889
14.693518518518518
12.020925925925926
12.015
11.084074074074074
15.036296296296296
10.742592592592592
12.59388888888889
9.530555555555555
10.008148148148148
23.148703703703703
10.133148148148148
9.025555555555556
11.787592592592592
10.237407407407407
9.587037037037037
7.632962962962963
11.592777777777778
7.865555555555556
9.76925925925926
8.694444444444445
7.196296296296296
6.995925925925926
21.523333333333333
10.05462962962963
7.5996296296296295
10.298518518518518
15.720555555555556
10.427222222222222
8.416481481481481
9.107592592592592
9.339629629629629
9.360555555555555
8.417407407407408
9.182962962962963
8.313703703703704
9.167777777777777
9.779444444444444
7.326851851851852
9.167777777777777
9.168888888888889
8.891481481481481
11.544814814814815
